# BLUPF90 parameter file created by RENUMF90
DATAFILE
 renf90.dat
NUMBER_OF_TRAITS
          12
NUMBER_OF_EFFECTS
           2
OBSERVATION(S)
    1    2    3    4    5    6    7    8    9   10   11   12
WEIGHT(S)
 
EFFECTS: POSITIONS_IN_DATAFILE NUMBER_OF_LEVELS TYPE_OF_EFFECT[EFFECT NESTED]
 13 13 13 13 13 13 13 13 13 13 13 13 1 cov 
 14 14 14 14 14 14 14 14 14 14 14 14      1096 cross 
RANDOM_RESIDUAL VALUES
   1.0000      0.10000      0.10000      0.10000      0.10000      0.10000      0.10000    
  0.10000      0.10000      0.10000      0.10000      0.10000    
  0.10000       1.0000      0.10000      0.10000      0.10000      0.10000      0.10000    
  0.10000      0.10000      0.10000      0.10000      0.10000    
  0.10000      0.10000       1.0000      0.10000      0.10000      0.10000      0.10000    
  0.10000      0.10000      0.10000      0.10000      0.10000    
  0.10000      0.10000      0.10000       1.0000      0.10000      0.10000      0.10000    
  0.10000      0.10000      0.10000      0.10000      0.10000    
  0.10000      0.10000      0.10000      0.10000       1.0000      0.10000      0.10000    
  0.10000      0.10000      0.10000      0.10000      0.10000    
  0.10000      0.10000      0.10000      0.10000      0.10000       1.0000      0.10000    
  0.10000      0.10000      0.10000      0.10000      0.10000    
  0.10000      0.10000      0.10000      0.10000      0.10000      0.10000       1.0000    
  0.10000      0.10000      0.10000      0.10000      0.10000    
  0.10000      0.10000      0.10000      0.10000      0.10000      0.10000      0.10000    
   1.0000      0.10000      0.10000      0.10000      0.10000    
  0.10000      0.10000      0.10000      0.10000      0.10000      0.10000      0.10000    
  0.10000       1.0000      0.10000      0.10000      0.10000    
  0.10000      0.10000      0.10000      0.10000      0.10000      0.10000      0.10000    
  0.10000      0.10000       1.0000      0.10000      0.10000    
  0.10000      0.10000      0.10000      0.10000      0.10000      0.10000      0.10000    
  0.10000      0.10000      0.10000       1.0000      0.10000    
  0.10000      0.10000      0.10000      0.10000      0.10000      0.10000      0.10000    
  0.10000      0.10000      0.10000      0.10000       1.0000    
 RANDOM_GROUP
     2
 RANDOM_TYPE
 add_animal   
 FILE
renadd02.ped                                                                    
(CO)VARIANCES
   1.0000      0.10000      0.10000      0.10000      0.10000      0.10000      0.10000    
  0.10000      0.10000      0.10000      0.10000      0.10000    
  0.10000       1.0000      0.10000      0.10000      0.10000      0.10000      0.10000    
  0.10000      0.10000      0.10000      0.10000      0.10000    
  0.10000      0.10000       1.0000      0.10000      0.10000      0.10000      0.10000    
  0.10000      0.10000      0.10000      0.10000      0.10000    
  0.10000      0.10000      0.10000       1.0000      0.10000      0.10000      0.10000    
  0.10000      0.10000      0.10000      0.10000      0.10000    
  0.10000      0.10000      0.10000      0.10000       1.0000      0.10000      0.10000    
  0.10000      0.10000      0.10000      0.10000      0.10000    
  0.10000      0.10000      0.10000      0.10000      0.10000       1.0000      0.10000    
  0.10000      0.10000      0.10000      0.10000      0.10000    
  0.10000      0.10000      0.10000      0.10000      0.10000      0.10000       1.0000    
  0.10000      0.10000      0.10000      0.10000      0.10000    
  0.10000      0.10000      0.10000      0.10000      0.10000      0.10000      0.10000    
   1.0000      0.10000      0.10000      0.10000      0.10000    
  0.10000      0.10000      0.10000      0.10000      0.10000      0.10000      0.10000    
  0.10000       1.0000      0.10000      0.10000      0.10000    
  0.10000      0.10000      0.10000      0.10000      0.10000      0.10000      0.10000    
  0.10000      0.10000       1.0000      0.10000      0.10000    
  0.10000      0.10000      0.10000      0.10000      0.10000      0.10000      0.10000    
  0.10000      0.10000      0.10000       1.0000      0.10000    
  0.10000      0.10000      0.10000      0.10000      0.10000      0.10000      0.10000    
  0.10000      0.10000      0.10000      0.10000       1.0000    
OPTION SNP_file geno1
OPTION save_halfway_samples 10000
OPTION map_file map.txt
