DATAFILE
Pheno1.txt
TRAITS
2 3 4 5 6 7 8 9 10 11 12 13
FIELDS_PASSED TO OUTPUT

WEIGHT(S)

RESIDUAL_VARIANCE
1.0 0.1 0.1 0.1 0.1 0.1 0.1 0.1 0.1 0.1 0.1 0.1
0.1 1.0 0.1 0.1 0.1 0.1 0.1 0.1 0.1 0.1 0.1 0.1
0.1 0.1 1.0 0.1 0.1 0.1 0.1 0.1 0.1 0.1 0.1 0.1
0.1 0.1 0.1 1.0 0.1 0.1 0.1 0.1 0.1 0.1 0.1 0.1 
0.1 0.1 0.1 0.1 1.0 0.1 0.1 0.1 0.1 0.1 0.1 0.1 
0.1 0.1 0.1 0.1 0.1 1.0 0.1 0.1 0.1 0.1 0.1 0.1 
0.1 0.1 0.1 0.1 0.1 0.1 1.0 0.1 0.1 0.1 0.1 0.1
0.1 0.1 0.1 0.1 0.1 0.1 0.1 1.0 0.1 0.1 0.1 0.1
0.1 0.1 0.1 0.1 0.1 0.1 0.1 0.1 1.0 0.1 0.1 0.1 
0.1 0.1 0.1 0.1 0.1 0.1 0.1 0.1 0.1 1.0 0.1 0.1
0.1 0.1 0.1 0.1 0.1 0.1 0.1 0.1 0.1 0.1 1.0 0.1 
0.1 0.1 0.1 0.1 0.1 0.1 0.1 0.1 0.1 0.1 0.1 1.0
EFFECT # 4th effect
1 1 1 1 1 1 1 1 1 1 1 1 cross alpha
RANDOM ## treated as a random effect 
animal 
FILE ## pedigree file 
ped.txt 
FILE_POS ## animal, sire and dam IDs, and two 0s 
1 2 3 0 0 
SNP_FILE
geno.txt
(CO)VARIANCES ## its variance component
1.0 0.1 0.1 0.1 0.1 0.1 0.1 0.1 0.1 0.1 0.1 0.1
0.1 1.0 0.1 0.1 0.1 0.1 0.1 0.1 0.1 0.1 0.1 0.1
0.1 0.1 1.0 0.1 0.1 0.1 0.1 0.1 0.1 0.1 0.1 0.1
0.1 0.1 0.1 1.0 0.1 0.1 0.1 0.1 0.1 0.1 0.1 0.1
0.1 0.1 0.1 0.1 1.0 0.1 0.1 0.1 0.1 0.1 0.1 0.1
0.1 0.1 0.1 0.1 0.1 1.0 0.1 0.1 0.1 0.1 0.1 0.1
0.1 0.1 0.1 0.1 0.1 0.1 1.0 0.1 0.1 0.1 0.1 0.1
0.1 0.1 0.1 0.1 0.1 0.1 0.1 1.0 0.1 0.1 0.1 0.1
0.1 0.1 0.1 0.1 0.1 0.1 0.1 0.1 1.0 0.1 0.1 0.1
0.1 0.1 0.1 0.1 0.1 0.1 0.1 0.1 0.1 1.0 0.1 0.1
0.1 0.1 0.1 0.1 0.1 0.1 0.1 0.1 0.1 0.1 1.0 0.1
0.1 0.1 0.1 0.1 0.1 0.1 0.1 0.1 0.1 0.1 0.1 1.0

OPTION chrinfo map1.txt

 
 

 

